[1 February SOC MOD SOL LCL 4 1 1 5 4 6 5 43 2 1 1 1 8 12 7 15 1 1 1 1 0 0 0 0 0 0 0 0 0 0 0 0 31 44 25 20 10 22 11 1 49 50 50 50 true true true true 2 3 1 19 0 0 0 0 20 100 25 100 10 50 10 10]
[1 April SOC MOD SOL LCL 4 1 1 5 4 6 5 43 2 1 1 1 8 12 7 15 1 1 1 1 0 0 0 0 0 0 0 0 0 0 0 0 31 44 25 20 10 2 6 1 49 50 50 50 true true true true 2 3 1 19 0 0 0 0 20 100 25 100 10 50 10 10]
[2 July SOC MOD SOL LCL 4 1 1 5 4 6 5 43 2 1 1 1 8 12 7 15 1 1 1 1 0 0 0 0 0 0 0 0 4 1 1 5 18 40 21 0 3 0 0 0 49 50 50 50 true true true true 2 3 1 19 0 0 0 0 20 100 25 100 20 100 20 20]
[2 November SOC MOD SOL LCL 4 1 1 5 4 6 5 43 2 1 1 1 8 12 7 15 1 1 1 1 0 0 0 0 0 0 0 0 0 0 0 0 18 40 21 0 86 85 72 63 49 50 50 50 true true true true 2 3 1 0 0 0 0 13 20 100 25 100 20 100 20 20]
[1 November SOC MOD SOL LCL 2 1 1 3 2 6 9 21 1 1 1 1 8 12 7 15 0 1 0 1 0 0 0 0 0 0 0 0 0 0 0 0 0 0 0 0 56 78 45 34 49 50 50 50 true true true true 0 5 3 13 8 12 7 15 20 100 25 100 10 50 10 10]
[1 December SOC MOD SOL LCL 2 1 1 3 2 6 9 21 1 1 1 1 8 12 7 15 0 1 0 1 0 0 0 0 0 0 0 0 0 0 0 0 25 24 21 8 22 35 17 9 49 50 50 50 true true true true 0 5 0 0 0 0 0 3 20 100 25 100 10 50 10 10]
[1 November SOC MOD SOL LCL 0 3 2 4 4 6 5 26 1 2 1 1 8 12 7 15 1 1 0 1 0 1 0 0 0 0 0 0 0 0 0 0 0 0 0 0 56 78 47 34 49 50 50 50 true true true true 3 0 3 14 8 12 7 15 20 100 25 100 10 50 10 10]
[1 December SOC MOD SOL LCL 0 3 2 4 4 6 5 26 1 2 1 1 8 12 7 15 1 1 0 1 0 1 0 0 0 0 0 0 0 0 0 0 26 16 18 4 23 30 13 7 49 50 50 50 true true true true 3 0 3 0 0 0 0 3 20 100 25 100 10 50 10 10]
[1 November SOC MOD SOL LCL 3 0 0 6 8 14 5 0 0 2 1 0 8 12 7 15 0 1 1 0 0 0 0 0 0 0 0 0 0 0 0 0 0 0 0 0 51 70 40 33 49 50 50 50 true true true true 3 0 2 7 8 12 7 15 20 100 25 100 10 50 10 10]
[1 December SOC MOD SOL LCL 3 0 0 6 8 14 5 0 0 2 1 0 8 12 7 15 0 1 1 0 0 0 0 0 0 0 0 0 0 0 0 0 20 0 16 0 22 22 20 10 49 50 50 50 true true true true 3 0 2 7 0 0 0 9 20 100 25 100 10 50 10 10]
[1 November SOC MOD SOL LCL 2 2 0 4 10 11 11 41 2 1 1 2 8 12 7 15 1 1 1 0 0 0 0 0 0 0 0 0 0 0 0 0 0 0 0 0 52 73 40 33 49 50 50 50 true true true true 3 1 0 17 8 12 7 15 0 112 25 100 8 50 10 10]
[1 November SOC MOD SOL LCL 2 0 1 5 2 16 10 34 2 1 0 1 8 12 7 15 0 1 0 0 0 0 0 0 0 0 0 0 0 0 0 0 0 0 0 0 50 72 42 33 49 50 50 50 true true true true 3 3 0 18 8 12 7 15 20 100 25 100 10 50 10 10]
[1 November SOC MOD SOL LCL 2 2 0 4 7 14 5 24 0 2 1 2 8 12 7 15 0 1 0 0 0 0 0 0 0 0 0 0 0 0 0 0 0 0 0 0 57 79 45 36 49 50 50 50 true true true true 2 3 3 14 8 12 7 15 20 100 25 100 10 50 10 10]
[1 November SOC MOD SOL LCL 2 0 1 5 7 7 4 30 2 2 0 2 8 12 7 15 0 1 0 1 0 1 0 0 0 0 0 0 0 0 0 0 0 0 0 0 63 86 49 38 49 50 50 50 true true true true 2 0 3 9 8 12 7 15 20 90 25 100 10 50 10 10]
[1 December SOC MOD SOL LCL 2 0 1 5 7 7 4 30 2 2 0 2 8 12 7 15 0 1 0 1 0 1 0 0 0 0 0 0 0 0 0 0 24 36 22 0 32 43 24 14 49 50 50 50 true true true true 1 0 3 0 0 0 0 0 20 90 25 100 10 50 10 10]
[1 February SOC MOD SOL LCL 2 0 1 3 7 7 4 19 2 2 0 2 8 12 7 15 0 1 0 1 0 1 0 0 0 0 0 0 0 0 0 0 6 22 13 0 22 22 24 1 49 50 50 50 true true true true 1 0 3 0 0 0 0 0 20 90 25 100 10 50 10 10]
[1 April SOC MOD SOL LCL 2 0 1 0 7 7 4 3 2 2 0 1 8 12 7 15 0 1 0 1 0 1 0 0 0 0 0 0 0 0 0 0 6 22 13 0 20 8 24 0 49 50 50 50 true true true true 1 0 3 0 0 0 0 0 20 90 25 100 10 50 10 10]
[2 July SOC MOD SOL LCL 2 0 1 0 7 7 4 0 2 2 0 1 8 12 7 15 0 1 0 1 0 1 0 0 0 0 0 0 2 0 1 0 0 1 7 0 8 8 13 0 49 50 50 50 true true true true 0 0 3 0 0 0 0 0 20 90 25 100 20 100 20 20]
[2 November SOC MOD SOL LCL 2 0 1 0 7 7 4 0 2 2 0 1 8 12 7 15 0 1 0 1 0 1 0 0 0 6 0 0 0 0 0 0 0 1 7 0 62 74 50 52 49 50 50 50 true true true true 0 0 3 0 0 0 0 13 20 70 25 100 20 100 20 20]
[2 December SOC MOD SOL LCL 2 0 1 0 7 7 4 0 2 2 0 1 8 12 7 15 0 1 0 1 0 1 0 0 0 6 0 0 0 0 0 0 31 35 34 25 31 31 23 26 49 50 50 50 true true true true 0 0 3 0 0 0 0 3 20 70 25 100 20 100 20 20]
[2 February SOC MOD SOL LCL 2 0 1 0 7 7 4 0 2 2 0 1 8 12 7 15 0 1 0 1 0 1 0 0 0 6 0 0 0 0 0 0 27 35 34 25 24 27 23 26 49 50 50 50 true true true true 0 0 3 0 0 0 0 3 20 70 25 100 20 100 20 20]
[2 April SOC MOD SOL LCL 2 0 1 0 7 7 4 0 2 2 0 1 8 12 7 15 0 1 0 1 0 1 0 0 0 6 0 0 0 0 0 0 14 19 31 25 22 18 23 26 49 50 50 50 true true true true 0 0 3 0 0 0 0 3 20 70 25 100 20 100 20 20]
[3 July SOC MOD SOL LCL 2 0 2 0 8 7 4 0 2 2 0 1 8 12 7 15 0 1 0 1 0 1 0 0 0 6 0 0 2 0 2 0 14 19 25 24 20 18 23 26 49 50 50 50 true true true true 0 0 3 0 0 0 0 3 20 70 25 100 30 150 30 30]
[1 November SOC MOD SOL LCL 2 3 2 4 5 8 8 22 1 2 1 0 8 12 7 15 0 1 1 0 0 1 0 0 0 13 3 15 0 0 0 0 0 0 0 0 56 83 48 36 49 50 50 50 true true true true 2 4 2 14 8 12 7 15 10 75 15 80 10 50 10 10]
[1 December SOC MOD SOL LCL 2 3 2 4 5 8 8 22 1 2 1 0 8 12 7 15 0 1 1 0 0 1 0 0 0 13 3 15 0 0 0 0 25 34 16 0 28 31 24 9 49 50 50 50 true true true true 0 2 0 0 0 0 0 0 10 75 15 80 10 50 10 10]
[1 February SOC MOD SOL LCL 2 3 2 4 5 8 8 18 1 2 1 0 8 12 7 15 0 1 1 0 0 1 0 0 0 13 3 15 0 0 0 0 16 10 10 0 24 22 9 5 49 50 50 50 true true true true 0 2 0 0 0 0 0 0 10 75 15 80 10 50 10 10]
[1 April SOC MOD SOL LCL 2 3 2 4 5 8 8 6 1 2 1 0 8 12 7 15 0 1 1 0 0 1 0 0 0 13 3 15 0 0 0 0 16 10 0 0 24 20 6 5 49 50 50 50 true true true true 0 2 0 0 0 0 0 0 10 75 15 80 10 50 10 10]
[2 July SOC MOD SOL LCL 2 3 2 1 5 8 8 1 1 2 0 0 8 12 7 15 0 1 1 0 0 1 0 0 0 13 3 15 2 3 2 1 12 1 0 0 18 2 6 2 49 50 50 50 true true true true 0 1 0 0 0 0 0 0 10 75 15 80 20 100 20 20]
[1 November SOC MOD SOL LCL 2 2 2 6 2 9 6 18 1 2 1 1 8 12 7 15 0 1 1 1 0 1 0 0 0 0 0 0 0 0 0 0 0 0 0 0 61 84 49 37 49 50 50 50 true true true true 0 1 2 13 8 12 7 15 20 100 25 100 10 50 10 10]
[1 November SOC MOD SOL LCL 2 1 2 6 0 13 10 29 2 1 1 1 8 12 7 15 1 1 0 1 0 1 0 0 0 0 0 0 0 0 0 0 0 0 0 0 56 78 44 34 49 50 50 50 true true true true 1 4 1 13 8 12 7 15 20 100 25 100 10 50 10 10]
[1 November SOC MOD SOL LCL 0 2 1 3 3 7 10 20 0 2 1 2 8 12 7 15 0 1 1 0 0 0 0 0 0 0 0 0 0 0 0 0 0 0 0 0 57 78 45 34 49 50 50 50 true true true true 3 1 2 17 8 12 7 15 20 100 25 100 10 50 10 10]
[1 December SOC MOD SOL LCL 0 2 1 3 3 7 10 20 0 2 1 2 8 12 7 15 0 1 1 0 0 0 0 0 0 0 0 0 0 0 0 0 28 39 23 17 29 34 18 3 49 50 50 50 true true true true 3 1 2 17 0 0 0 3 20 100 25 100 10 50 10 10]
[1 February SOC MOD SOL LCL 0 2 1 3 3 7 10 20 0 2 1 2 8 12 7 15 0 1 1 0 0 0 0 0 0 0 0 0 0 0 0 0 23 33 0 0 29 29 10 1 49 50 50 50 true true true true 3 1 2 17 0 0 0 3 20 100 25 100 10 50 10 10]
[1 April SOC MOD SOL LCL 0 2 1 3 3 7 10 20 0 2 1 2 8 12 7 15 0 1 1 0 0 0 0 0 0 0 0 0 0 0 0 0 23 22 0 0 29 17 10 1 49 50 50 50 true true true true 3 1 1 17 0 0 0 3 20 100 25 100 10 50 10 10]
[2 July SOC MOD SOL LCL 0 2 1 3 3 7 8 20 0 2 1 2 8 12 7 15 0 1 1 0 0 0 0 0 0 0 0 0 0 2 1 3 18 22 0 0 29 17 6 1 49 50 50 50 true true true true 3 1 0 0 0 0 0 3 20 100 25 100 20 100 20 20]
[2 November SOC MOD SOL LCL 0 2 1 3 3 7 8 20 0 2 1 2 8 12 7 15 0 1 1 0 0 0 0 0 0 0 0 0 0 0 0 0 18 17 0 0 67 78 67 57 49 50 50 50 true true true true 3 0 0 0 0 0 0 15 20 100 25 100 20 100 20 20]
[2 December SOC MOD SOL LCL 0 2 1 3 3 7 8 20 0 2 1 2 8 12 7 15 0 1 1 0 0 0 0 0 0 0 0 0 0 0 0 0 52 49 0 0 33 39 33 17 49 50 50 50 true true true true 3 0 0 0 0 0 0 0 20 100 25 100 20 100 20 20]
[2 February SOC MOD SOL LCL 0 2 1 3 3 7 8 19 0 2 1 2 8 12 7 15 0 1 1 0 0 0 0 0 0 0 0 0 0 0 0 0 50 49 0 0 33 39 33 2 49 50 50 50 true true true true 3 0 0 0 0 0 0 0 20 100 25 100 20 100 20 20]
[1 November SOC MOD SOL LCL 3 0 0 4 10 10 4 49 1 2 1 1 8 12 7 15 1 1 1 0 0 0 0 0 0 0 0 0 0 0 0 0 0 0 0 0 57 77 44 36 49 50 50 50 true true true true 1 0 1 9 8 12 7 15 20 100 25 100 10 50 10 10]
[1 December SOC MOD SOL LCL 3 0 0 4 10 10 4 49 1 2 1 1 8 12 7 15 1 1 1 0 0 0 0 0 0 0 0 0 0 0 0 0 28 39 22 18 24 29 22 1 49 50 50 50 true true true true 1 0 1 9 0 0 0 1 20 100 25 100 10 50 10 10]
[1 February SOC MOD SOL LCL 3 0 0 4 10 10 4 49 1 2 1 1 8 12 7 15 1 1 1 0 0 0 0 0 0 0 0 0 0 0 0 0 17 23 18 0 12 9 8 1 49 50 50 50 true true true true 1 0 1 9 0 0 0 1 20 100 25 100 10 50 10 10]
[1 April SOC MOD SOL LCL 3 0 0 4 10 10 4 23 1 2 1 1 8 12 7 15 1 1 1 0 0 0 0 0 0 0 0 0 0 0 0 0 0 23 18 0 2 2 8 0 49 50 50 50 true true true true 1 0 1 0 0 0 0 1 20 100 25 100 10 50 10 10]
[2 July SOC MOD SOL LCL 3 0 0 4 10 10 4 21 1 2 1 0 8 12 7 15 1 1 1 0 0 0 0 0 0 0 0 0 3 0 0 4 0 0 15 0 1 2 3 0 49 50 50 50 true true true true 0 0 0 0 0 0 0 1 20 100 25 100 20 100 20 20]
[2 November SOC MOD SOL LCL 3 0 0 4 10 10 4 21 1 2 1 0 8 12 7 15 1 1 1 0 0 0 0 0 0 0 0 0 0 0 0 0 0 0 15 0 72 70 50 53 49 50 50 50 true true true true 0 0 0 0 0 0 0 15 20 100 25 100 20 100 20 20]
[2 December SOC MOD SOL LCL 3 0 0 4 10 10 4 21 1 2 1 0 8 12 7 15 1 1 1 0 0 0 0 0 0 0 0 0 0 0 0 0 21 26 37 0 36 35 26 26 49 50 50 50 true true true true 0 0 0 0 0 0 0 3 20 100 25 100 20 100 20 20]
[2 February SOC MOD SOL LCL 3 0 0 4 10 10 4 21 1 2 1 0 8 12 7 15 1 1 1 0 0 0 0 0 0 0 0 0 0 0 0 0 13 4 37 0 36 23 26 26 49 50 50 50 true true true true 0 0 0 0 0 0 0 3 20 100 25 100 20 100 20 20]
[2 April SOC MOD SOL LCL 3 0 0 3 10 10 4 7 1 2 1 0 8 12 7 15 1 1 1 0 0 0 0 0 0 0 0 0 0 0 0 0 0 4 34 0 32 23 26 9 49 50 50 50 true true true true 0 0 0 0 0 0 0 3 20 100 25 100 20 100 20 20]
[3 July SOC MOD SOL LCL 3 0 0 2 10 10 4 4 0 2 1 0 8 12 7 15 1 1 1 0 0 0 0 0 0 0 0 0 3 0 0 2 0 0 30 0 25 14 18 3 49 50 50 50 true true true true 0 0 0 0 0 0 0 3 20 100 25 100 30 150 30 30]
[1 November SOC MOD SOL LCL 3 1 0 4 9 14 6 39 1 1 1 2 8 12 7 15 0 1 0 0 0 1 0 0 0 0 0 0 0 0 0 0 0 0 0 0 57 77 45 35 49 50 50 50 true true true true 1 5 0 16 8 12 7 15 20 100 25 100 10 50 10 10]
[1 December SOC MOD SOL LCL 3 1 0 4 9 14 6 39 1 1 1 2 8 12 7 15 0 1 0 0 0 1 0 0 0 0 0 0 0 0 0 0 28 39 23 18 29 17 14 0 49 50 50 50 true true true true 1 5 0 16 0 0 0 3 20 100 25 100 10 50 10 10]
[1 February SOC MOD SOL LCL 3 1 0 4 9 14 6 39 1 1 1 2 8 12 7 15 0 1 0 0 0 1 0 0 0 0 0 0 0 0 0 0 19 0 17 0 6 1 0 0 49 50 50 50 true true true true 1 5 0 16 0 0 0 3 20 100 25 100 10 50 10 10]
[1 April SOC MOD SOL LCL 3 1 0 4 9 14 6 33 1 1 1 2 8 12 7 15 0 1 0 0 0 1 0 0 0 0 0 0 0 0 0 0 0 0 17 0 0 0 0 0 49 50 50 50 true true true true 1 4 0 0 0 0 0 3 20 100 25 100 10 50 10 10]
[2 July SOC MOD SOL LCL 3 1 0 4 9 14 6 32 1 1 1 1 8 12 7 15 0 1 0 0 0 1 0 0 0 0 0 0 3 1 0 4 0 0 13 0 0 0 0 0 49 50 50 50 true true true true 0 0 0 0 0 0 0 3 20 100 25 100 20 100 20 20]
[2 November SOC MOD SOL LCL 3 1 0 4 9 13 6 31 1 1 1 1 8 12 7 15 0 1 0 0 0 1 0 0 0 0 0 0 0 0 0 0 0 0 13 0 86 85 72 48 49 50 50 50 true true true true 0 0 0 0 0 0 0 15 20 100 25 100 20 100 20 20]
[2 December SOC MOD SOL LCL 3 1 0 4 9 13 6 22 1 1 1 1 8 12 7 15 0 1 0 0 0 1 0 0 0 0 0 0 0 0 0 0 36 0 47 0 32 42 34 18 49 50 50 50 true true true true 0 0 0 0 0 0 0 0 20 100 25 100 20 100 20 20]
[2 February SOC MOD SOL LCL 3 1 0 4 9 10 6 18 1 1 1 1 8 12 7 15 0 1 0 0 0 1 0 0 0 0 0 0 0 0 0 0 29 0 47 0 19 25 28 12 49 50 50 50 true true true true 0 0 0 0 0 0 0 0 20 100 25 100 20 100 20 20]
[2 April SOC MOD SOL LCL 3 1 0 2 9 6 6 6 1 1 1 0 8 12 7 15 0 1 0 0 0 1 0 0 0 0 0 0 0 0 0 0 0 0 37 0 19 19 24 2 49 50 50 50 true true true true 0 0 0 0 0 0 0 0 20 100 25 100 20 100 20 20]
